5164
5104
5110
4999
5149
4492
5148
5142
5145
5146
5139
5143
5141
5144
5097
5089
4958
4979
1040
5019
5140
5075
5137
5122
4780
5091
4945
5071
4991
5136
4959
5023
4998
4786
5092
4311
4995
5121
5120
5005
5093
5119
4889
5118
5100
5111
5103
5024
5081
5070
5099
5063
5101
5102
5069
5105
5098
5072
5001
5066
5030
5095
5088
5096
5084
5055
5090
4697
5052
5000
2606
5083
4685
5094
5085
5086
5082
5087
5031
5042
5080
5004
5073
5056
5065
5064
5003
4987
4926
5068
5047
4313
5067
5029
5048
5062
5061
4997
5058
5038
5060
5022
5045
5043
5059
5044
5057
5046
5051
4981
4977
5054
4680
5053
5037
5032
5007
5041
5050
5049
4826
5035
4698
4699
4694
4312
5017
5036
5013
5040
5028
5039
4681
5033
4986
5034
5025
5016
5027
4736
5026
5011
5020
4737
5015
4950
5021
5018
5014
4837
5012
4738
5010
4992
4978
5006
4985
4940
5009
4956
4984
4836
5008
4702
4921
4980
4925
4990
4994
4771
4983
4783
4993
4932
4965
4989
4988
4629
4982
4944
4920
4924
4951
4976
4093
4974
4955
4975
4962
4899
4970
4972
4943
4973
4919
4923
4770
4969
4966
4964
4971
4963
4967
4961
4968
4862
4960
4739
4942
4510
4784
4931
4553
4804
4953
4957
4947
4948
4806
4785
2838
4952
4843
4941
4954
4918
4922
4946
2832
4917
4949
4930
4597
4934
4706
4377
3545
4803
4937
4935
4936
4853
4938
4927
4928
4933
4909
4916
4929
4907
4911
4906
4787
4828
4913
4908
4914
4915
4900
4444
4897
4491
4802
4898
4867
4912
4905
4910
4903
4832
4838
4827
4904
4902
4887
4848
4509
4891
4847
4845
4884
4873
4896
4895
4882
4890
4801
4886
4397
4493
4855
4686
4087
4885
4892
4805
4893
4894
4829
4822
4888
4883
4881
4850
4846
4779
3962
4844
4443
4874
4878
4799
4800
4812
4876
4877
4875
4871
4851
4872
4820
4741
4852
4860
4858
4854
4859
4849
4856
4791
4798
4857
4839
4861
4792
4450
4841
4840
4819
4842
4825
4824
4605
4760
4807
4835
4818
4765
4817
4795
4834
4811
4763
4831
4823
4762
4809
4833
4796
4815
4781
4810
4808
4821
4766
4830
4816
4726
4700
4814
4813
4764
4793
4797
4719
4711
4773
4778
4761
4790
4789
4788
4768
4715
4707
4743
4718
4714
4449
4777
4776
4769
4775
4690
4774
4447
4448
4722
4772
4710
4740
4730
4724
4758
4759
4728
4735
4574
4751
4757
4734
4756
4445
4717
4446
4750
4742
4721
4713
4755
4754
4709
4748
4747
4749
4731
4723
4725
4732
4727
4524
4753
4500
4627
4752
4504
4746
4464
4733
4720
4712
4716
4708
4693
4692
4684
4664
4596
4281
4640
4745
4744
820
4729
4643
4623
4705
4703
4463
4689
4704
4633
4626
4667
4701
4654
4676
4642
4695
4490
4559
4687
4696
4659
4691
4502
4501
4688
4651
4679
4670
4678
4632
4310
4645
4666
4557
4682
4610
4683
4607
4671
4677
4674
4619
4675
4550
4503
4613
4648
4672
4669
4614
4673
4668
4411
4665
4663
4660
4537
4580
4661
4542
4652
4655
4622
4662
4658
4618
4647
4639
4578
4625
4177
4656
4650
4657
4617
4646
4644
4653
4630
4638
4577
4649
4616
4636
4606
4576
4637
4615
4566
4554
4628
4635
4581
4641
4631
4621
4634
4422
4416
4579
4593
4591
4338
4337
4484
4604
4620
4540
4598
4567
4380
4590
4592
4562
4624
4309
4608
4587
4589
4585
4583
4421
4415
4586
4588
4584
4582
4521
4611
4612
4549
4609
4328
4548
4538
4523
4599
4603
2847
4512
4600
4236
4601
4511
4602
4558
4568
4513
4556
4555
4569
4594
4420
4595
4571
4414
4575
4572
4526
4570
4564
4565
4551
4563
4308
4543
4561
4560
4539
3857
4486
4487
4485
4381
4522
4525
4552
4495
4545
4508
4520
4544
4317
4547
4546
4507
4534
4368
4472
4327
4536
4541
4533
4532
4462
4433
4496
4395
4531
4535
4494
4497
4530
4477
4475
4240
4367
4527
4529
4528
4519
4373
4488
4287
4288
4514
4483
4505
4458
4244
4517
4516
4518
4515
4366
4457
4498
4289
4398
4401
4470
4442
4471
4409
4476
4469
4359
4365
4362
4506
4326
4499
4481
4423
4419
4467
4466
4413
4489
4468
4435
4388
4364
4361
4358
4479
4452
4314
4315
4482
4387
4480
4418
4412
4456
4478
4453
4459
4424
4474
4465
4460
4357
4360
4363
4434
4392
3883
4385
4461
4371
4386
4441
4432
4440
4439
4243
4455
4438
4431
4400
4403
4384
4451
4399
4402
4426
4454
4430
4437
4407
4436
3884
4417
4429
4383
4379
4376
4428
4391
4427
4425
4404
4382
4408
4394
4346
4405
4356
4353
4406
4393
4378
4355
4352
4349
4350
4390
4396
4354
4351
4348
4370
4210
4389
3484
4341
4209
4372
4207
4273
4290
4375
4345
4208
4206
4347
4322
4344
4369
4227
4342
4343
4283
4307
4331
4339
4321
4267
4268
4340
4098
4335
4291
4297
4265
4229
4292
4336
4305
4294
4232
4332
4316
4324
4330
4183
4325
4235
4329
4160
4205
4319
4300
4318
4323
4037
4135
4298
4125
4320
4224
4295
4049
4228
4296
4221
4257
4272
4306
3376
4304
4284
4301
4282
4278
4302
4303
4261
4260
4299
4259
4285
4258
4014
3977
4226
4293
4081
3430
4234
4286
3386
4187
4186
4276
4280
4279
4277
4134
4263
4262
4274
4083
4124
4275
4269
4264
4009
4230
4252
4245
4271
4251
4270
4266
4192
4189
4185
4254
4255
4141
4256
3429
4138
4130
4253
4249
4241
4247
4250
4248
4198
4238
4153
4147
4144
4150
3965
4155
3964
4242
3375
4118
3374
4237
4239
4071
4191
4140
4129
4133
4233
4055
4106
3954
4219
4123
4223
4231
4222
4220
3858
4166
4094
4188
4225
4072
4200
4152
4203
4172
4218
4190
4117
4128
3966
4146
4143
4199
4149
4044
4137
4162
4217
4211
4159
4195
4201
4216
3701
4213
4127
4204
4214
4215
4151
4212
4139
4145
4142
4148
4082
4052
4051
4202
4041
4132
4122
4197
4176
4013
4174
4196
3985
4114
4154
3951
4034
4165
4175
4180
4173
4194
4065
4136
4193
4126
4131
4121
4043
4102
4171
4057
4045
4170
4167
4184
4181
3879
4066
3483
4054
4169
4179
4168
4163
4182
4046
4164
4178
4157
3946
4100
4064
4111
4105
4008
4120
4161
3891
3987
4158
4063
3875
4115
4119
4156
3981
4116
3980
4042
3482
4058
4113
4101
4010
3540
4062
4056
4103
4112
3944
4096
4110
4109
3950
4035
4097
4074
4027
4107
4073
4104
4095
4048
3703
3927
3873
4099
4061
3931
4030
3647
4089
4067
4018
3956
4092
4091
4090
4068
4086
4078
3564
4076
4088
4025
4023
4084
4032
4060
4085
4026
4019
3882
4077
4075
4080
3961
4070
4079
4047
3895
4053
4069
4059
4024
3905
4028
3885
4038
3473
3958
4031
3994
4020
4039
4036
4029
3474
3982
3897
3898
3687
4022
4033
4021
4040
3955
4015
3699
3389
3998
3948
4016
3900
3952
4003
4002
4017
4006
4011
3949
3996
3976
4012
3824
3968
3988
3967
3940
4007
3975
3943
4005
4004
3997
4001
3603
3953
3974
3960
3972
3999
4000
3909
3978
3901
3995
3973
3814
3971
3970
3992
3937
3989
3771
3781
3993
3910
3939
3983
3959
3991
3969
3984
3912
3932
3889
3914
3936
3941
3986
3979
3753
3957
3947
3963
3894
3926
3922
3918
3908
3928
3700
3913
3786
3833
3942
3802
3945
3893
3899
3925
3772
3935
3921
3917
3938
3907
3934
3837
3876
3890
3783
3929
3515
3842
3904
3892
3924
3773
3933
3920
3916
3906
3911
3688
3803
3902
3761
3819
3481
3903
3923
3782
3915
3919
3896
3760
3827
3888
3886
3739
3887
3880
3825
3428
3704
3759
3881
3860
3758
3878
3480
3862
3392
3877
3742
3812
3871
3861
3607
3751
3859
3606
3732
3874
3872
3845
3846
3840
3869
3855
3870
3868
3865
3836
3867
3831
3864
3829
3866
3730
3820
3863
3605
3828
3852
3776
3815
3849
3856
3851
3835
3844
3830
3736
3834
3843
3681
3822
3427
3714
3854
3649
3793
3853
3810
3848
3847
3493
3850
3682
3792
3841
3721
3460
3698
3755
3838
3651
3839
3785
3826
3832
3604
3780
3811
3763
3821
3823
3818
3791
3770
3801
3585
3426
3816
3729
3666
3779
3790
3817
3807
3720
3794
3750
3778
3804
3806
3809
3768
3808
3789
3767
3766
3805
3800
3706
3708
3710
3711
3788
3425
3798
3749
3641
3777
3797
3373
3765
3796
3787
3676
3764
3632
3754
3757
3492
3784
3712
3672
3733
3570
3774
3656
3775
3756
3741
3702
3602
3601
3769
3762
3679
3677
3675
3658
3657
3716
3695
3694
3746
3752
3628
3745
3631
3748
3709
3747
3530
3744
3740
3743
3696
3643
3707
3705
3722
3299
3727
3728
3737
3626
3726
3731
3738
3735
3725
3724
3697
3723
3362
3361
3577
3599
3569
3717
3491
3719
3611
3718
3689
3713
3674
3573
3590
3678
3673
3686
3685
3692
3691
3660
3693
3655
3671
3690
3684
3683
3670
3680
3669
3623
3572
3668
3589
3580
3574
3638
3665
3661
3663
3648
3642
3613
3667
3479
3664
3662
3659
3538
3469
3654
3637
3550
3627
3546
3502
3608
3471
3652
3170
3653
3645
3650
3629
3636
3634
3644
3470
3612
3646
3581
3553
3635
3633
3621
3478
3610
3598
3494
3597
3615
3625
3485
3617
3596
3639
3640
3595
3578
3600
3609
3616
3618
3624
3614
3112
3622
3113
3541
3543
3487
3587
3619
3620
3542
3592
3594
3591
3593
3532
3583
3552
3568
3555
3533
3586
3309
3582
3567
3588
3584
3566
3565
3561
3579
3563
3562
3575
3486
3513
3548
3510
3576
3509
3557
3547
3559
3560
3529
3524
3556
3554
3539
3523
3403
3528
3549
3522
3454
3504
3500
3551
3527
3521
3520
3514
3495
3359
3116
3526
3536
3462
3117
3518
3444
3544
3519
3535
3512
3525
3489
3534
3517
3516
3463
3385
3537
3443
3511
3531
3441
3506
3501
3507
3247
3508
3467
3440
3435
3442
3438
3439
3503
3505
3290
3312
3499
3356
3434
3437
3248
3496
3498
3176
3497
3177
3360
3490
3436
3404
3488
3314
3433
3468
3366
3365
3475
3423
3456
3476
3421
3333
3457
3472
3477
3464
3412
3383
3461
3449
3465
3418
3458
3466
3382
3323
3379
3393
3459
3313
3432
3450
3445
3455
3289
3420
3336
2876
3422
3451
3452
3342
3448
3453
3446
3447
3316
3318
3431
3380
3419
3317
3319
3381
3424
3315
3354
3320
3405
3415
3384
3072
3414
3400
3417
3413
3416
3217
3283
3410
3201
3411
3408
3406
3322
3228
3409
3407
3390
3402
3401
3396
3395
2574
3372
3399
3394
3391
3398
3351
3397
3275
3377
3371
3370
3387
3388
3114
3224
3350
3115
3349
2998
3295
3378
3060
3059
3367
3049
3335
3363
3292
3276
3364
3368
2956
3369
3352
3355
3358
3166
3332
3048
3047
3208
3345
3331
3122
3330
3343
3311
3274
3165
3328
3272
3344
3339
3346
3348
3069
3353
3329
2867
3273
2866
3321
3271
3340
3347
3327
3185
3325
3326
3196
3341
3338
3252
3259
3324
3251
3190
3337
2895
3232
3293
3305
3294
2938
3264
3310
3250
3133
3249
3240
3204
3178
3301
3014
3262
3307
3153
3291
3284
3286
2573
3306
3302
3297
2921
3245
3304
3263
3277
3278
3279
3280
3303
3104
3298
3261
3285
3260
3296
3288
3129
3287
3282
3257
3258
3255
3183
3242
3254
3212
3256
3281
3016
3157
3244
3151
3265
3219
3134
3152
3243
3253
3207
3270
2935
3269
3150
3267
3238
3195
3268
3101
3266
3239
3229
3237
3236
3246
3235
3234
3241
3139
3222
3137
3225
3223
3230
3189
3231
3226
3156
3233
3058
3057
3227
3213
3220
3035
3194
3202
3200
3214
3121
3046
3020
3199
3209
3216
3211
3218
3210
3075
3135
2942
3198
3215
3205
3197
3180
3206
3175
3056
3138
3136
3055
3192
2636
3191
3179
3188
3184
3193
3010
3186
3181
3187
3081
3002
3162
2572
3164
3174
3061
3173
2973
3145
3168
3169
3163
3147
3077
3172
3149
3171
2972
3132
3161
3160
3167
3011
3159
3158
3043
3128
2879
3148
3146
2684
3140
3143
3141
3144
3080
3102
3154
3155
2979
3085
3142
3067
3131
3119
3111
3105
3130
3127
2880
3018
3098
3124
2934
3097
3017
3120
3093
3074
3118
3076
3009
3125
3126
3096
3095
3044
3078
3123
3092
3109
3031
3054
3052
3110
3108
3019
3040
3041
3088
3042
3107
2969
3053
3106
2968
3103
3051
3026
3068
3079
3099
3084
3015
3000
3064
3094
3090
3062
3086
3045
3100
3036
3091
3065
3070
2967
2966
2897
3066
3087
3089
3082
3083
3013
2937
3073
3004
3038
3071
2981
3037
3033
3050
2971
2993
3063
2997
2918
3029
3039
3028
3034
3030
2932
3032
2836
3024
3025
3003
3027
2970
3023
3008
3022
3021
2989
2996
3005
2912
2943
3006
2855
2571
2720
3012
2894
2928
2987
2988
2995
2992
2999
2977
2986
2936
3001
2570
2916
2933
2994
2991
2990
2902
2985
2984
2983
2900
2533
2901
2899
2896
2982
2635
2955
2975
2846
2962
2978
2951
2965
2950
2721
2976
2954
2964
2909
2893
2949
2940
2948
2974
2854
2957
2961
2952
2963
2856
2947
2959
2946
2763
2939
2941
2903
2945
2890
2953
2944
2917
2960
2931
2930
2711
2922
2569
2924
2929
2926
2923
2889
2723
2925
2908
2927
2907
2884
2919
2853
2892
2920
2906
2905
2904
2830
2841
2722
2910
2757
2724
2911
2913
2915
2914
2898
2860
2728
2872
2729
2842
2886
2843
2883
2835
2557
2891
2725
2881
2888
2887
2877
2777
2882
2873
2885
2834
2874
2878
2861
2871
2875
2813
2865
2792
2863
2870
2869
2802
2795
2864
2862
2868
2858
2774
2822
2849
2833
2797
2796
2815
2859
2778
2821
2851
2699
2844
2828
2749
2848
2850
2857
2852
2639
2638
2820
2840
2837
2766
2780
2568
2679
2807
2705
2845
2713
2827
2772
2819
2831
2809
2779
2567
2794
2839
2788
2812
2798
2826
2791
2818
2686
2825
2787
2816
2773
2781
2829
2782
2789
2641
2790
2751
2793
2785
2823
2786
2824
2808
2814
2810
2805
2803
2752
2553
2806
2672
2799
2804
2663
2753
2759
2675
2674
2800
2748
2750
2784
2767
2775
2755
2673
2783
2683
2768
2765
2732
2771
2776
2769
2760
2770
2700
2731
2746
2761
2744
2758
2762
2739
2681
2745
2743
2764
2742
2747
2756
2730
2726
2738
2736
2740
2754
2737
2727
2735
2741
2733
2687
2688
2714
2708
2658
2160
2734
2703
2719
2645
2702
2254
2710
2718
2680
2717
2709
2712
2637
2707
2706
2662
2660
2704
2693
2701
2691
2698
2694
2696
2541
2692
2690
2695
2676
2659
2685
2689
2670
2664
2671
2682
2655
2657
2677
2678
2665
2649
2644
2654
2667
2669
2666
2471
2661
2656
2543
2643
2633
2653
2652
2650
2648
2651
2566
2564
2627
2646
2647
2609
2538
2642
2640
2634
2629
2631
2632
2630
2626
2472
2611
2623
2624
2613
2625
2622
2617
2596
2616
2367
2612
2618
2621
2620
2614
2615
2599
2619
2610
2536
2593
2608
2562
2577
2604
2592
2555
2607
2547
2605
2589
2407
2430
2578
2602
2495
2590
2591
2588
2559
2603
2511
2477
2110
2601
2600
2598
2546
2561
2584
2581
2494
2583
2539
2580
2261
2380
2576
2587
2597
2595
2585
2594
2586
2582
2434
2554
2286
2454
2575
2535
2423
2453
2563
2565
2558
2528
2560
2551
2476
2556
2549
2431
2504
2548
2480
2447
2552
2550
2432
2544
2524
2534
2306
2340
2501
2545
2497
2540
2537
2542
2532
2531
2452
2529
2410
2466
2527
2526
2499
2508
2386
2388
2521
2516
2513
2519
2520
2517
2525
2523
2518
2522
2489
2507
2505
2515
2506
2514
2368
2369
2512
2503
2509
2502
2311
2390
2492
2500
2482
2496
2498
2491
2490
2493
2397
2488
2419
2468
2409
2239
2485
2478
2347
2354
2487
2345
2486
2484
2457
2475
2483
2465
2481
2464
2467
2479
2469
2450
2463
2473
2474
2413
2420
2462
2395
2470
2349
2460
2459
2461
2435
2161
2411
2421
2456
2439
2458
2334
2451
2449
2455
2448
2158
2445
2436
2440
2446
2296
2441
2444
2443
2112
2442
2418
2438
2406
2437
2348
2405
2429
2404
2325
2389
2427
2426
2403
2428
2425
2424
2241
2422
2262
2402
2401
2346
2412
2400
2285
2391
2351
2415
2408
2379
2399
2416
2417
2315
2414
2387
2322
1690
2398
2269
2357
2393
2394
2384
2392
2350
2356
2324
2303
2364
2329
2385
2382
2383
2323
2381
2320
2343
2361
2359
2366
2371
2365
2353
2326
2370
2376
2374
2377
2375
2352
2336
2373
2372
2344
2360
2362
2335
2358
2337
2314
2341
2355
2255
2339
2232
2330
2318
2338
2135
2280
2301
2331
2332
2321
2333
2305
2310
2319
2327
1635
2291
2313
2316
2317
2292
2312
2062
2308
2309
2307
2284
2302
2299
2304
2288
2265
2298
2300
2297
2176
2213
2290
2295
2248
2293
2181
2294
2238
2253
2109
2289
2252
2283
2281
2199
2258
2282
2276
2277
2279
2188
2278
2275
2274
2273
2271
2268
2272
2266
2270
2263
2208
2264
2257
2223
2187
2259
2260
2240
2256
2212
2214
2250
2130
2251
2249
2186
2242
2247
1954
2245
2211
2243
2246
2215
2244
2224
2235
2150
2236
2231
2234
2165
2117
2177
2233
2200
2124
2230
2226
2229
2227
2228
2219
2137
2152
2222
2119
2221
2217
2099
2218
2216
2185
2209
2210
2179
2204
2202
2206
1979
2027
2201
2195
2197
2198
2059
2193
2189
2159
2192
2191
2168
2183
2174
2180
2166
2184
2182
2034
2147
2178
2145
2173
2170
2172
2175
2169
2171
2164
2163
2033
2162
2036
2042
2144
2133
2071
2148
2153
2151
2157
2155
2149
2100
2156
2154
2106
2146
2141
2140
2143
1958
2142
2105
2129
2113
2136
2013
2139
2102
2138
2020
2070
2127
2063
2064
2024
2126
2125
2128
2069
2077
1977
2121
1959
2123
2115
2068
2118
1978
2114
1973
2107
2101
2046
2009
2103
2104
2056
2097
2080
2095
2076
2090
2086
2060
2087
2057
2088
2089
2051
2082
2083
2084
2081
1970
2079
2075
2085
2078
2073
2072
2065
1942
2066
1986
2074
2032
2067
2061
2058
2050
2047
2053
1608
2054
2022
2052
2055
2048
2043
1928
2045
2041
2044
1939
2040
1985
1615
2039
2037
2035
2031
2030
2016
1865
2029
2023
2026
2021
2028
1995
1934
1881
1952
2014
1968
2019
2017
2018
1960
1937
2011
2003
2015
1976
2010
2012
2006
2007
1951
1853
2002
2005
1999
2004
2001
2000
1998
1617
1994
1993
1992
1961
1990
1989
1991
1988
1987
1898
1984
1975
1983
1982
1981
1980
1890
1957
1943
1974
1694
1972
1969
1956
1929
1967
1923
1966
1886
1964
1963
1953
1962
1955
1871
1921
1950
1768
1895
1621
1693
1919
1948
1946
1936
1763
1900
1935
1940
1944
1911
1941
1938
1933
1920
1932
1916
1837
1915
1931
1882
1901
1930
1764
1927
1840
1926
1914
1918
1925
1907
1738
1924
1922
1913
1917
1904
1912
1910
1909
1905
1908
1906
1903
1761
1767
1902
1899
1897
1666
1896
1892
1894
1891
1893
1857
1868
1878
1885
1880
1888
1887
1848
1872
1671
1849
1870
1884
1859
1681
1883
1877
1879
1873
1861
1809
1757
1833
1715
1808
1807
1616
1707
1843
1753
1789
1829
1620
1826
1815
1733
1825
1821
1744
1822
1746
1742
1823
1814
1818
1607
1614
1762
1813
1791
1804
1795
1673
1798
1745
1796
1714
1766
1778
1794
1779
1776
1674
1787
1784
1780
1781
1676
1777
1775
1769
1771
1748
1735
1729
1619
1758
1668
1755
1756
1613
1749
1752
1750
1606
1741
1688
1737
1720
1727
1612
1734
1662
1730
1726
1722
1651
1637
1725
1721
1717
1670
1718
1713
1702
1687
1610
1710
1605
1703
1686
1618
1611
1680
1665
1657
1661
1644
1643
1622
1601
1600
1629
1575
1625
1576
1628
1599
1596
1590
1591
1564
1587
1568
1588
1579
1584
1578
1573
1563
1569
1389
1553
1561
1560
1559
1544
1555
1554
1548
1546
1539
1545
1543
1536
1469
1533
1535
1528
1477
1526
1529
1527
1500
1521
1523
1522
1487
1520
1517
1516
1519
1488
1493
1514
1470
1471
1509
1503
1498
1507
1502
1497
1504
1501
1480
1495
1492
1490
1491
1482
1489
1485
1484
1481
1478
1472
1475
1474
1466
1464
1453
1452
1465
1462
1461
1459
1457
1456
1454
1449
1444
1396
1448
1446
1443
1437
1438
1441
1440
1432
1429
1424
1422
1418
1411
1390
1401
1397
1392
1379
1373
1387
1362
1357
1376
1369
1365
1341
1355
1358
1353
1351
1349
1327
1345
1317
1343
1310
1332
1337
1333
1328
1322
1321
1318
1314
1313
1302
1301
1300
1291
1297
1296
1287
1279
1280
1218
1274
1275
1276
1277
1271
1266
1257
1270
1269
1265
1261
1253
1249
1251
1248
1245
1247
1246
1243
1240
1239
1231
1219
1230
1181
1221
1224
1175
1217
1213
1196
1203
1209
1200
1192
1188
1197
1195
1156
1189
1180
1179
1178
1177
1166
1174
1173
1172
1171
1164
1163
1155
1125
1151
1153
1148
1130
1147
1142
1135
1128
1116
1105
1111
1107
1110
1101
1103
1102
1099
1098
1087
1094
1095
1068
1091
1056
1093
1078
1092
1088
1086
1082
1081
1079
1063
1075
1076
1067
1070
1066
1061
1057
1059
1058
1049
1041
1050
1009
1046
1048
1013
1038
1034
1029
1031
1024
1025
1026
990
1021
1023
1022
1019
1012
1014
1011
998
982
1003
986
988
981
992
983
973
966
965
